[gd_scene load_steps=12 format=3 uid="uid://d3q4d4o6nft1t"]

[ext_resource type="Material" uid="uid://nmvrih74prks" path="res://level/default_sky_material.tres" id="1_ihtu2"]
[ext_resource type="PackedScene" uid="uid://1gyo6h4mcxan" path="res://prop/inorganic/barrel/barrel_01/barrel_01.tscn" id="2_3ffad"]
[ext_resource type="PackedScene" uid="uid://ba11jwvxkrvrh" path="res://prop/inorganic/rock/rock_collection_01/rock_01.tscn" id="3_qbyk1"]
[ext_resource type="PackedScene" uid="uid://ymg5c6acjcye" path="res://prop/inorganic/rock/rock_collection_01/rock_02.tscn" id="4_tyed3"]

[sub_resource type="ConcavePolygonShape3D" id="ConcavePolygonShape3D_cjovy"]
data = PackedVector3Array(1, 0, 1, -1, 0, 1, 1, 0, -1, -1, 0, 1, -1, 0, -1, 1, 0, -1)

[sub_resource type="PlaneMesh" id="PlaneMesh_o0x7v"]

[sub_resource type="Sky" id="Sky_cu5cc"]
sky_material = ExtResource("1_ihtu2")

[sub_resource type="Environment" id="Environment_3y1np"]
background_mode = 2
sky = SubResource("Sky_cu5cc")
sky_custom_fov = 129.3
sky_rotation = Vector3(0, -1.3282, 0)
tonemap_mode = 2
ssao_enabled = true
sdfgi_enabled = true
glow_normalized = true

[sub_resource type="BoxMesh" id="BoxMesh_hvqqx"]

[sub_resource type="ConcavePolygonShape3D" id="ConcavePolygonShape3D_i3o0x"]
data = PackedVector3Array(-0.5, 0.5, 0.5, 0.5, 0.5, 0.5, -0.5, -0.5, 0.5, 0.5, 0.5, 0.5, 0.5, -0.5, 0.5, -0.5, -0.5, 0.5, 0.5, 0.5, -0.5, -0.5, 0.5, -0.5, 0.5, -0.5, -0.5, -0.5, 0.5, -0.5, -0.5, -0.5, -0.5, 0.5, -0.5, -0.5, 0.5, 0.5, 0.5, 0.5, 0.5, -0.5, 0.5, -0.5, 0.5, 0.5, 0.5, -0.5, 0.5, -0.5, -0.5, 0.5, -0.5, 0.5, -0.5, 0.5, -0.5, -0.5, 0.5, 0.5, -0.5, -0.5, -0.5, -0.5, 0.5, 0.5, -0.5, -0.5, 0.5, -0.5, -0.5, -0.5, 0.5, 0.5, 0.5, -0.5, 0.5, 0.5, 0.5, 0.5, -0.5, -0.5, 0.5, 0.5, -0.5, 0.5, -0.5, 0.5, 0.5, -0.5, -0.5, -0.5, 0.5, 0.5, -0.5, 0.5, -0.5, -0.5, -0.5, 0.5, -0.5, 0.5, 0.5, -0.5, -0.5, -0.5, -0.5, -0.5)

[sub_resource type="ConcavePolygonShape3D" id="ConcavePolygonShape3D_w5vpy"]
data = PackedVector3Array(-0.5, 0.5, 0.5, 0.5, 0.5, 0.5, -0.5, -0.5, 0.5, 0.5, 0.5, 0.5, 0.5, -0.5, 0.5, -0.5, -0.5, 0.5, 0.5, 0.5, -0.5, -0.5, 0.5, -0.5, 0.5, -0.5, -0.5, -0.5, 0.5, -0.5, -0.5, -0.5, -0.5, 0.5, -0.5, -0.5, 0.5, 0.5, 0.5, 0.5, 0.5, -0.5, 0.5, -0.5, 0.5, 0.5, 0.5, -0.5, 0.5, -0.5, -0.5, 0.5, -0.5, 0.5, -0.5, 0.5, -0.5, -0.5, 0.5, 0.5, -0.5, -0.5, -0.5, -0.5, 0.5, 0.5, -0.5, -0.5, 0.5, -0.5, -0.5, -0.5, 0.5, 0.5, 0.5, -0.5, 0.5, 0.5, 0.5, 0.5, -0.5, -0.5, 0.5, 0.5, -0.5, 0.5, -0.5, 0.5, 0.5, -0.5, -0.5, -0.5, 0.5, 0.5, -0.5, 0.5, -0.5, -0.5, -0.5, 0.5, -0.5, 0.5, 0.5, -0.5, -0.5, -0.5, -0.5, -0.5)

[node name="Physics" type="Node3D"]

[node name="World" type="Node3D" parent="."]

[node name="Ground" type="Node3D" parent="World"]
transform = Transform3D(10, 0, 0, 0, 10, 0, 0, 0, 10, 0, 0, 0)

[node name="StaticBody3D" type="StaticBody3D" parent="World/Ground"]

[node name="CollisionShape3D" type="CollisionShape3D" parent="World/Ground/StaticBody3D"]
shape = SubResource("ConcavePolygonShape3D_cjovy")

[node name="MeshInstance3D" type="MeshInstance3D" parent="World/Ground/StaticBody3D"]
transform = Transform3D(1, 0, 0, 0, 1, 0, 0, 0, 1, 0.000543404, 0.000986767, -0.000383472)
mesh = SubResource("PlaneMesh_o0x7v")
skeleton = NodePath("../../../..")

[node name="WorldEnvironment" type="WorldEnvironment" parent="World"]
environment = SubResource("Environment_3y1np")

[node name="Camera3D" type="Camera3D" parent="World"]
transform = Transform3D(0.753563, 0.337589, -0.564071, 0, 0.858065, 0.513541, 0.657375, -0.386986, 0.646606, -5.27671, 4.53647, 5.74845)

[node name="DirectionalLight3D" type="DirectionalLight3D" parent="World"]
transform = Transform3D(0.489793, 0.457958, -0.741874, 0.871839, -0.257278, 0.41678, 0, -0.85093, -0.525279, 0, 4.99231, -5.66458)
light_energy = 2.609
shadow_enabled = true
shadow_bias = 0.05

[node name="Node3D" type="StaticBody3D" parent="World"]
transform = Transform3D(1, 0, 0, 0, 1, 0, 0, 0, 1, -4.43922, 0.449388, 0)

[node name="MeshInstance3D" type="MeshInstance3D" parent="World/Node3D"]
transform = Transform3D(1, 0, 0, 0, 1, 0, 0, 0, 5, 0, 0, 0)
mesh = SubResource("BoxMesh_hvqqx")
skeleton = NodePath("../..")

[node name="CollisionShape3D" type="CollisionShape3D" parent="World/Node3D"]
transform = Transform3D(1, 0, 0, 0, 1, 0, 0, 0, 5, 0, 0, 0)
shape = SubResource("ConcavePolygonShape3D_i3o0x")

[node name="Node3D2" type="StaticBody3D" parent="World"]
transform = Transform3D(0.0337832, 0, 0.999429, 0, 1, 0, -0.999429, 0, 0.0337832, 3.43955, 0.449388, -5.03433)

[node name="MeshInstance3D" type="MeshInstance3D" parent="World/Node3D2"]
transform = Transform3D(1, 0, 0, 0, 1, 0, 0, 0, 5, 0, 0, 0)
mesh = SubResource("BoxMesh_hvqqx")
skeleton = NodePath("../..")

[node name="CollisionShape3D" type="CollisionShape3D" parent="World/Node3D2"]
transform = Transform3D(1, 0, 0, 0, 1, 0, 0, 0, 5, 0, 0, 0)
shape = SubResource("ConcavePolygonShape3D_w5vpy")

[node name="barrel_01" parent="." instance=ExtResource("2_3ffad")]
transform = Transform3D(1, 0, 0, 0, 1, 0, 0, 0, 1, 0, 7.39177, 0)

[node name="barrel_02" parent="." instance=ExtResource("2_3ffad")]
transform = Transform3D(1, 0, 0, 0, 0.569337, 0.822104, 0, -0.822104, 0.569337, 0, 3.55778, 2.40595)

[node name="barrel_03" parent="." instance=ExtResource("2_3ffad")]
transform = Transform3D(-0.109856, -0.817129, 0.565891, 0, 0.569337, 0.822104, -0.993948, 0.0903129, -0.0625449, 0, 5.27324, 2.40595)

[node name="barrel_04" parent="." instance=ExtResource("2_3ffad")]
transform = Transform3D(-0.937148, 0.286858, -0.19866, -3.27396e-09, 0.569337, 0.822104, 0.348932, 0.770434, -0.533553, -0.960609, 24.5349, 2.40595)

[node name="rock_01" parent="." instance=ExtResource("3_qbyk1")]
transform = Transform3D(1, 0, 0, 0, 1, 0, 0, 0, 1, 0, 2.06907, -1.81844)

[node name="rock_02" parent="." instance=ExtResource("4_tyed3")]
transform = Transform3D(1, 0, 0, 0, 1, 0, 0, 0, 1, 0, 3.31423, -1.33087)
