[gd_scene load_steps=8 format=3 uid="uid://d3q4d4o6nft1t"]

[ext_resource type="PackedScene" uid="uid://b72ok3m6i5vnw" path="res://prop/inorganic/barrel/barrel_01/barrel_01_fragments.tscn" id="1_fhhny"]
[ext_resource type="Material" uid="uid://nmvrih74prks" path="res://level/default_sky.tres" id="1_ihtu2"]

[sub_resource type="ConcavePolygonShape3D" id="ConcavePolygonShape3D_cjovy"]
data = PackedVector3Array(1, 0, 1, -1, 0, 1, 1, 0, -1, -1, 0, 1, -1, 0, -1, 1, 0, -1)

[sub_resource type="PlaneMesh" id="PlaneMesh_o0x7v"]

[sub_resource type="Sky" id="Sky_cu5cc"]
sky_material = ExtResource("1_ihtu2")

[sub_resource type="Environment" id="Environment_3y1np"]
background_mode = 2
sky = SubResource("Sky_cu5cc")
sky_custom_fov = 129.3
sky_rotation = Vector3(0, -1.3282, 0)
tonemap_mode = 2
ssao_enabled = true
sdfgi_enabled = true
glow_normalized = true

[sub_resource type="BoxMesh" id="BoxMesh_hvqqx"]

[node name="Physics" type="Node3D"]

[node name="World" type="Node3D" parent="."]

[node name="Ground" type="Node3D" parent="World"]
transform = Transform3D(10, 0, 0, 0, 10, 0, 0, 0, 10, 0, 0, 0)

[node name="StaticBody3D" type="StaticBody3D" parent="World/Ground"]

[node name="CollisionShape3D" type="CollisionShape3D" parent="World/Ground/StaticBody3D"]
shape = SubResource("ConcavePolygonShape3D_cjovy")

[node name="MeshInstance3D" type="MeshInstance3D" parent="World/Ground/StaticBody3D"]
transform = Transform3D(1, 0, 0, 0, 1, 0, 0, 0, 1, 0.000543404, 0.000986767, -0.000383472)
mesh = SubResource("PlaneMesh_o0x7v")
skeleton = NodePath("../../../..")

[node name="WorldEnvironment" type="WorldEnvironment" parent="World"]
environment = SubResource("Environment_3y1np")

[node name="Camera3D" type="Camera3D" parent="World"]
transform = Transform3D(0.753563, 0.337589, -0.564071, 0, 0.858065, 0.513541, 0.657375, -0.386986, 0.646606, -5.27671, 4.53647, 5.74845)

[node name="DirectionalLight3D" type="DirectionalLight3D" parent="World"]
transform = Transform3D(0.489793, 0.457958, -0.741874, 0.871839, -0.257278, 0.41678, 0, -0.85093, -0.525279, 0, 4.99231, -5.66458)
light_energy = 2.609
shadow_enabled = true
shadow_bias = 0.05

[node name="Node3D" type="Node3D" parent="World"]
transform = Transform3D(1, 0, 0, 0, 1, 0, 0, 0, 1, -4.43922, 0.449388, 0)

[node name="MeshInstance3D" type="MeshInstance3D" parent="World/Node3D"]
transform = Transform3D(1, 0, 0, 0, 1, 0, 0, 0, 5, 0, 0, 0)
mesh = SubResource("BoxMesh_hvqqx")
skeleton = NodePath("../..")

[node name="Node3D2" type="Node3D" parent="World"]
transform = Transform3D(0.0337832, 0, 0.999429, 0, 1, 0, -0.999429, 0, 0.0337832, 3.43955, 0.449388, -5.03433)

[node name="MeshInstance3D" type="MeshInstance3D" parent="World/Node3D2"]
transform = Transform3D(1, 0, 0, 0, 1, 0, 0, 0, 5, 0, 0, 0)
mesh = SubResource("BoxMesh_hvqqx")
skeleton = NodePath("../..")

[node name="barrel_01" parent="." instance=ExtResource("1_fhhny")]
transform = Transform3D(1, 0, 0, 0, 1, 0, 0, 0, 1, 0, 3.08731, 0)

[node name="barrel_02" parent="." instance=ExtResource("1_fhhny")]
transform = Transform3D(0.470344, 0.232765, 0.851233, -0.443541, 0.896254, 0, -0.762921, -0.377556, 0.524788, 0, 4.7732, 0.950958)
